       timestamp        | gen_nuclear | gen_lignite | gen_offshore_wind | gen_hydro | gen_other_conv | gen_other_renew | gen_biomass | gen_onshore_wind | gen_solar | gen_hard_coal | gen_pumped_storage | gen_natural_gas | cons_total_grid | cons_residual | cons_pumped_storage | price_de_lu | price_neighbors | price_at | proj_offshore | proj_onshore | proj_solar | proj_other | proj_wind_solar | proj_total 
------------------------+-------------+-------------+-------------------+-----------+----------------+-----------------+-------------+------------------+-----------+---------------+--------------------+-----------------+-----------------+---------------+---------------------+-------------+-----------------+----------+---------------+--------------+------------+------------+-----------------+------------
 2020-05-04 07:00:00+00 |   1644.2500 |   2403.0000 |          167.5000 |  501.7500 |       400.5000 |         48.2500 |   1175.0000 |         616.0000 | 2265.2500 |      698.5000 |           645.5000 |       2066.7500 |      14891.2500 |    11842.5000 |            200.5000 |     40.0400 |         30.0800 |  40.0400 |      202.5000 |     549.7500 |  2205.0000 |  9646.9000 |       2957.2500 | 12604.1500
 2020-05-05 05:15:00+00 |   1653.7500 |   2493.5000 |          520.7500 |  425.7500 |       380.5000 |         47.5000 |   1187.5000 |        1638.0000 |  990.7500 |      536.7500 |           404.0000 |       1830.2500 |      14206.5000 |    11057.0000 |            563.0000 |     27.6100 |                 |  27.6100 |      687.2500 |    1809.7500 |  1042.7500 | 10020.0100 |       3539.7500 | 13559.7600
 2020-05-05 06:00:00+00 |   1654.7500 |   2481.7500 |          522.5000 |  449.2500 |       378.2500 |         47.7500 |   1188.0000 |        1241.2500 | 1854.2500 |      554.5000 |           431.0000 |       1893.5000 |      14940.0000 |    11322.0000 |            478.0000 |     26.0600 |         25.1100 |  26.0600 |      633.7500 |    1569.0000 |  2051.5000 |  9873.4700 |       4254.2500 | 14127.7200
 2020-05-05 06:30:00+00 |   1655.5000 |   2458.5000 |          550.5000 |  439.5000 |       380.0000 |         47.0000 |   1187.2500 |        1148.0000 | 2528.0000 |      510.0000 |           338.2500 |       1897.2500 |      15260.7500 |    11034.2500 |            476.7500 |     26.0600 |                 |  26.0600 |      586.7500 |    1534.5000 |  2841.2500 |  9165.2200 |       4962.5000 | 14127.7200
 2020-05-05 08:15:00+00 |   1652.5000 |   1929.0000 |          454.0000 |  450.2500 |       378.5000 |         47.0000 |   1157.5000 |        1509.5000 | 4669.5000 |      522.5000 |           210.0000 |       1839.5000 |      15708.2500 |     9075.2500 |             93.0000 |     19.9200 |                 |  19.9200 |      407.7500 |    1580.2500 |  5220.7500 |  7991.8700 |       7208.7500 | 15200.6200
 2020-05-05 08:30:00+00 |   1653.0000 |   1876.7500 |          426.2500 |  464.2500 |       379.0000 |         47.0000 |   1158.0000 |        1573.0000 | 4873.2500 |      508.2500 |           185.0000 |       1840.2500 |      15790.5000 |     8918.0000 |             80.0000 |     19.9200 |                 |  19.9200 |      386.7500 |    1589.0000 |  5474.5000 |  7750.3700 |       7450.2500 | 15200.6200
 2020-05-05 08:45:00+00 |   1652.0000 |   1873.2500 |          385.7500 |  462.0000 |       380.0000 |         47.2500 |   1163.5000 |        1639.2500 | 5061.7500 |      498.0000 |           165.7500 |       1842.2500 |      15855.0000 |     8768.2500 |             74.5000 |     19.9200 |                 |  19.9200 |      366.7500 |    1597.2500 |  5694.2500 |  7542.3700 |       7658.2500 | 15200.6200
 2020-05-05 09:00:00+00 |   1652.0000 |   1925.5000 |          348.7500 |  475.5000 |       380.5000 |         47.2500 |   1150.2500 |        1732.0000 | 5190.2500 |      500.7500 |           329.7500 |       1833.0000 |      15819.0000 |     8548.0000 |             15.0000 |     21.0200 |         21.0200 |  21.0200 |      348.5000 |    1606.0000 |  5894.5000 |  7647.0600 |       7849.0000 | 15496.0600
 2020-05-05 09:15:00+00 |   1652.2500 |   1906.0000 |          342.2500 |  476.0000 |       381.0000 |         47.2500 |   1147.5000 |        1768.5000 | 5321.7500 |      497.2500 |           309.0000 |       1834.5000 |      15929.7500 |     8497.2500 |              6.2500 |     21.0200 |                 |  21.0200 |      333.0000 |    1617.5000 |  6051.2500 |  7494.3100 |       8001.7500 | 15496.0600
 2020-05-05 09:30:00+00 |   1653.2500 |   1880.7500 |          335.7500 |  468.5000 |       381.0000 |         47.2500 |   1149.7500 |        1761.7500 | 5444.0000 |      490.2500 |           312.5000 |       1831.2500 |      16002.5000 |     8461.0000 |              4.7500 |     21.0200 |                 |  21.0200 |      317.0000 |    1629.7500 |  6186.5000 |  7362.8100 |       8133.2500 | 15496.0600
(10 rows)

